179
458
291
840
659
135
465
492
100
466
431
690
595
866
772
834
344
390
833
799
962
193
117
943
699
416
978
216
587
197
634
716
775
859
779
772
372
232
526
997
320
752
150
783
244
199
606
964
736
287
288
140
159
337
441
554
546
459
487
750
933
23
694
730
590
26
263
136
665
1
88
414
968
17
704
463
978
307
701
978
354
937
453
88
543
996
123
713
551
451
711
661
794
758
406
708
817
17
565
818
584
313
934
545
726
491
682
660
789
940
282
204
636
145
749
355
538
19
253
744
842
742
639
129
339
60
537
210
441
58
965
247
120
714
687
107
62
581
10
140
775
350
812
170
307
587
367
891
695
152
919
971
56
323
256
812
401
329
131
612
315
392
753
902
912
478
431
753
967
919
355
535
873
129
736
347
76
163
726
365
757
631
407
254
606
586
514
362
132
774
733
797
251
661
659
17
698
581
774
963
920
366
822
277
804
990
366
295
394
784
597
640
257
893
1000
177
802
557
462
823
665
631
291
969
812
133
810
57
865
387
521
555
517
326
421
739
696
667
880
164
47
140
472
467
77
88
731
699
338
748
19
561
290
102
19
447
658
55
811
791
759
749
158
156
517
715
42
7
933
459
530
74
689
319
778
995
295
822
141
743
167
846
252
183
978
164
93
172
805
477
326
770
135
736
108
75
963
690
871
903
111
176
29
871
478
748
111
688
143
613
46
978
444
241
872
44
212
429
537
82
125
434
169
218
871
24
17
278
154
449
191
578
207
473
310
1000
269
509
402
149
240
64
925
171
804
162
954
277
936
648
817
712
56
731
642
977
999
834
243
467
155
622
350
804
902
327
299
935
224
928
975
346
213
128
490
569
598
460
266
226
946
481
451
43
893
651
573
323
898
266
795
229
785
94
835
407
323
265
228
105
245
578
580
288
476
124
458
61
435
499
737
194
541
944
922
400
808
718
826
924
950
806
627
12
403
840
782
852
42
224
327
137
118
704
996
917
276
800
625
697
647
795
675
175
966
272
387
649
314
638
960
107
152
877
65
240
16
38
844
201
832
388
519
904
856
870
875
19
400
461
723
276
602
293
603
991
292
606
717
948
385
759
917
669
89
305
550
340
873
636
503
816
79
702
337
796
232
711
678
425
88
355
666
324
512
373
515
415
504
793
831
59
542
359
921
46
676
593
972
489
514
666
985
890
507
510
121
809
441
772
658
349
98
745
858
644
994
930
103
439
874
410
150
305
495
642
348
733
386
968
203
261
992
223
411
646
88
727
677
958
171
463
150
561
937
897
841
878
142
914
960
651
1000
935
301
689
838
142
889
527
304
145
953
136
986
209
186
880
142
494
953
994
957
700
861
957
366
685
898
290
460
554
768
18
578
917
590
938
472
632
632
469
232
978
11
641
6
101
634
300
793
960
307
916
216
158
698
770
876
57
308
886
10
201
953
901
560
291
946
968
430
434
118
874
381
750
314
946
568
949
296
139
560
106
563
951
750
125
575
281
599
888
69
180
351
843
619
211
442
999
183
212
784
578
180
346
794
332
510
12
607
778
782
954
190
60
246
510
164
393
764
672
19
854
555
541
288
508
339
623
129
356
237
105
976
565
450
671
301
158
251
483
109
347
305
110
136
356
368
237
84
543
783
969
306
412
598
701
219
708
504
145
573
348
395
948
327
465
301
341
496
703
702
944
774
636
9
538
945
693
906
562
540
704
373
329
626
511
352
949
404
168
454
142
241
219
283
467
271
250
372
811
313
743
42
391
289
303
305
932
402
682
560
763
995
569
350
588
803
790
71
318
713
101
774
382
25
786
139
974
48
153
634
139
703
120
842
783
91
497
961
429
12
441
423
224
374
97
362
398
241
811
670
946
58
45
992
275
298
521
724
692
479
275
679
259
42
34
751
476
836
268
448
311
873
480
415
265
96
745
633
578
363
761
709
735
486
215
607
976
670
357
602
303
515
95
316
658
387
948
324
129
82
311
863
689
205
644
459
879
713
339
280
140
626
775
234
779
445
340
796
228
470
341
373
276
319
204
704
322
600
530
632
57
75
531
567
464
86
171
414
752
773
119
803
754
463
638
353
419
92
578
261
310
242
13
434
55
528
307
216
834
462
868
250
503
948
100
258
109
421
256
749
937
580
472
350
760
360
770
637
950
866
96
380
249
435
923
302
885
772
58
302
243
173
323
580
341
940
72
759
871
550
211
265
983
43
296
949
250
670
94
203
266
630
435
82
392
904
775
812
653
46
715
176
255
932
807
277
991
