1
6
7
9
10
10
11
12
12
12
13
16
17
17
17
17
18
19
19
19
19
19
23
24
25
26
29
34
38
42
42
42
42
43
43
44
45
46
46
46
47
48
55
55
56
56
57
57
57
58
58
58
59
60
60
61
62
64
65
69
71
72
74
75
75
76
77
79
82
82
82
84
86
88
88
88
88
88
89
91
92
93
94
94
95
96
96
97
98
100
100
101
101
102
103
105
105
106
107
107
108
109
109
110
111
111
117
118
118
119
120
120
121
123
124
125
125
128
129
129
129
129
131
132
133
135
135
136
136
136
137
139
139
139
140
140
140
140
141
142
142
142
142
143
145
145
145
149
150
150
150
152
152
153
154
155
156
158
158
158
159
162
163
164
164
164
167
168
169
170
171
171
171
172
173
175
176
176
177
179
180
180
183
183
186
190
191
193
194
197
199
201
201
203
203
204
204
205
207
209
210
211
211
212
212
213
215
216
216
216
218
219
219
223
224
224
224
226
228
228
229
232
232
232
234
237
237
240
240
241
241
241
242
243
243
244
245
246
247
249
250
250
250
251
251
252
253
254
255
256
256
257
258
259
261
261
263
265
265
265
266
266
266
268
269
271
272
275
275
276
276
276
277
277
277
278
280
281
282
283
287
288
288
288
289
290
290
291
291
291
292
293
295
295
296
296
298
299
300
301
301
301
302
302
303
303
304
305
305
305
305
306
307
307
307
307
308
310
310
311
311
313
313
314
314
315
316
318
319
319
320
322
323
323
323
323
324
324
326
326
327
327
327
329
329
332
337
337
338
339
339
339
340
340
341
341
341
344
346
346
347
347
348
348
349
350
350
350
350
351
352
353
354
355
355
355
356
356
357
359
360
362
362
363
365
366
366
366
367
368
372
372
373
373
373
374
380
381
382
385
386
387
387
387
388
390
391
392
392
393
394
395
398
400
400
401
402
402
403
404
406
407
407
410
411
412
414
414
415
415
416
419
421
421
423
425
429
429
430
431
431
434
434
434
435
435
435
439
441
441
441
441
442
444
445
447
448
449
450
451
451
453
454
458
458
459
459
459
460
460
461
462
462
463
463
463
464
465
465
466
467
467
467
469
470
472
472
472
473
476
476
477
478
478
479
480
481
483
486
487
489
490
491
492
494
495
496
497
499
503
503
504
504
507
508
509
510
510
510
511
512
514
514
515
515
517
517
519
521
521
526
527
528
530
530
531
535
537
537
538
538
540
541
541
542
543
543
545
546
550
550
551
554
554
555
555
557
560
560
560
561
561
562
563
565
565
567
568
569
569
573
573
575
578
578
578
578
578
578
580
580
580
581
581
584
586
587
587
588
590
590
593
595
597
598
598
599
600
602
602
603
606
606
606
607
607
612
613
619
622
623
625
626
626
627
630
631
631
632
632
632
633
634
634
634
636
636
636
637
638
638
639
640
641
642
642
644
644
646
647
648
649
651
651
653
658
658
658
659
659
660
661
661
665
665
666
666
667
669
670
670
670
671
672
675
676
677
678
679
682
682
685
687
688
689
689
689
690
690
692
693
694
695
696
697
698
698
699
699
700
701
701
702
702
703
703
704
704
704
704
708
708
709
711
711
712
713
713
713
714
715
715
716
717
718
723
724
726
726
727
730
731
731
733
733
735
736
736
736
737
739
742
743
743
744
745
745
748
748
749
749
749
750
750
750
751
752
752
753
753
754
757
758
759
759
759
760
761
763
764
768
770
770
770
772
772
772
772
773
774
774
774
774
775
775
775
775
778
778
779
779
782
782
783
783
783
784
784
785
786
789
790
791
793
793
794
794
795
795
796
796
797
799
800
802
803
803
804
804
804
805
806
807
808
809
810
811
811
811
812
812
812
812
816
817
817
818
822
822
823
826
831
832
833
834
834
834
835
836
838
840
840
841
842
842
843
844
846
852
854
856
858
859
861
863
865
866
866
868
870
871
871
871
871
872
873
873
873
874
874
875
876
877
878
879
880
880
885
886
888
889
890
891
893
893
897
898
898
901
902
902
903
904
904
906
912
914
916
917
917
917
919
919
920
921
922
923
924
925
928
930
932
932
933
933
934
935
935
936
937
937
937
938
940
940
943
944
944
945
946
946
946
946
948
948
948
948
949
949
949
950
950
951
953
953
953
954
954
957
957
958
960
960
960
961
962
963
963
964
965
966
967
968
968
968
969
969
971
972
974
975
976
976
977
978
978
978
978
978
978
983
985
986
990
991
991
992
992
994
994
995
995
996
996
997
999
999
1000
1000
1000
