524
530
112
983
329
477
432
806
945
975
725
204
140
14
167
404
709
728
272
807
258
309
300
776
290
905
237
208
953
838
434
578
384
67
876
981
63
895
522
281
516
467
751
582
171
410
456
230
153
419
451
666
677
961
658
121
913
297
590
837
971
887
552
344
954
855
884
865
192
185
611
394
948
710
830
881
92
437
477
12
844
632
636
888
78
942
65
590
776
134
879
322
137
764
457
922
233
680
765
637
853
887
575
82
977
4
243
224
241
141
973
821
504
91
474
80
883
244
113
594
730
490
141
366
743
553
184
897
497
638
92
759
731
461
758
619
995
199
736
663
309
954
18
94
408
205
856
403
880
561
493
203
305
595
451
237
863
801
407
576
779
177
526
955
803
217
988
166
308
667
371
513
645
722
859
608
122
271
590
323
918
206
812
192
514
1
349
692
298
171
643
381
222
645
645
754
415
517
908
910
704
780
151
90
807
817
69
357
559
383
729
702
479
787
939
678
888
74
704
140
983
529
465
611
524
381
383
565
89
705
398
130
661
279
841
537
229
810
999
682
134
15
351
876
79
868
246
548
364
95
370
93
336
512
695
351
203
118
674
737
389
452
566
562
830
546
362
175
204
652
285
164
295
864
83
961
998
174
568
885
853
695
632
114
23
700
102
462
175
387
507
322
39
399
726
144
68
471
110
792
476
135
218
532
471
5
827
203
809
350
766
44
589
70
478
138
765
20
863
797
906
984
475
999
563
756
895
451
302
217
232
737
730
300
220
672
733
97
361
853
20
467
387
188
827
545
880
694
175
8
299
816
607
508
408
266
235
783
841
587
515
28
68
8
564
167
534
290
721
38
1
785
370
31
803
792
473
5
854
298
764
84
88
878
264
106
639
851
485
954
452
809
413
447
244
501
366
817
688
995
953
855
515
582
746
101
2
274
310
324
312
163
382
676
762
814
117
119
246
1000
624
799
972
169
777
814
357
519
725
428
712
472
114
272
912
825
672
385
84
728
313
561
890
488
843
582
862
138
315
256
606
140
502
272
886
227
926
48
343
153
876
139
382
868
933
180
198
926
315
127
96
5
16
291
680
301
68
711
402
92
21
425
171
778
386
384
420
911
760
204
587
562
749
581
952
546
540
661
738
97
374
371
269
45
622
608
107
436
188
507
583
75
122
283
355
652
712
170
202
889
418
990
646
127
365
903
242
849
808
652
433
813
260
391
842
794
836
2
564
128
733
267
233
171
926
364
878
680
37
523
691
448
800
883
681
187
95
219
236
870
416
951
639
920
384
381
104
179
476
7
359
619
445
694
640
668
607
412
125
829
929
114
882
121
444
233
565
147
186
809
868
268
697
647
611
133
453
343
59
207
364
394
508
642
355
189
591
405
941
748
667
82
862
239
137
585
188
569
476
837
939
620
774
122
314
819
511
865
28
166
671
537
400
634
323
105
363
650
920
493
89
527
664
125
148
145
279
797
544
837
141
520
319
926
711
37
855
922
948
436
891
757
458
880
338
755
770
586
98
152
48
68
645
288
938
358
928
360
301
479
13
466
994
780
789
88
41
249
571
132
427
282
93
818
792
854
894
891
249
759
150
113
920
221
691
464
359
627
874
624
604
189
61
602
20
65
114
421
661
864
172
77
156
618
672
98
592
789
867
630
264
467
858
418
84
11
144
28
744
668
103
27
6
295
71
371
809
961
788
837
292
103
328
461
164
99
628
567
652
460
328
952
752
698
891
653
995
274
527
317
532
748
604
407
451
844
557
353
745
568
455
748
637
663
907
464
974
214
140
887
916
830
608
828
879
889
10
710
24
938
747
768
115
208
745
58
104
660
292
910
807
820
711
213
128
449
921
420
314
836
578
333
430
985
368
735
586
66
295
85
32
597
985
330
724
668
689
105
975
726
155
984
461
117
408
156
737
664
594
54
115
146
624
162
624
23
38
124
873
320
562
690
783
341
456
844
523
11
955
238
464
252
511
137
794
611
453
802
94
337
413
113
372
985
733
188
216
12
302
873
824
375
222
788
932
972
38
847
653
725
360
537
90
620
876
618
162
873
720
711
651
878
86
882
486
75
295
676
152
587
98
583
167
493
749
595
514
458
889
590
462
733
128
185
342
463
642
368
436
100
642
191
782
300
124
9
26
298
125
450
422
844
273
691
939
377
165
996
783
459
405
474
124
962
687
902
449
784
385
546
531
689
118
962
546
73
260
81
122
364
622
596
514
411
752
675
838
350
400
867
411
122
456
209
979
191
676
786
583
981
868
403
699
157
83
3
756
587
645
405
679
714
144
255
346
69
559
798
516
763
256
595
816
220
39
163
186
615
158
203
675
433
467
501
75
941
614
473
230
627
297
719
96
523
786
187
993
315
275
790
683
732
647
398
464
855
973
802
618
385
521
308
511
378
713
281
74
464
200
774
456
187
206
131
666
147
596
826
600
549
538
387
241
257
661
352
90
526
294
769
286
708
19
371
158
19
689
470
902
522
678
978
970
593
888
88
662
827
210
641
238
598
465
946
466
291
756
192
413
265
692
467
164
936
252
889
716
378
5
448
231
512
442
129
26
699
922
580
794
529
311
348
913
329
554
849
7
989
926
162
28
403
238
120
751
500
167
894
698
656
931
960
693
256
744
944
595
382
555
851
113
486
544
485
564
534
327
745
159
667
354
572
299
437
892
947
144
908
238
357
525
325
531
999
436
102
112
1000
60
749
439
928
146
973
391
733
514
657
543
95
737
337
186
695
514
88
465
256
633
619
950
715
50
664
929
409
83
464
751
148
169
352
595
351
771
270
873
980
80
235
300
441
279
540
884
214
163
585
267
403
915
635
734
861
649
514
718
690
996
442
956
249
67
641
784
546
976
405
884
632
616
715
442
496
866
222
930
940
592
643
668
19
444
798
995
350
64
573
824
670
678
219
182
174
38
957
216
903
544
292
914
273
15
749
825
49
964
366
82
150
983
241
145
878
702
32
40
605
734
535
610
951
288
638
545
747
956
819
158
668
987
382
782
218
76
518
101
842
518
60
35
757
126
307
516
941
991
188
180
529
847
676
405
948
347
267
79
698
990
715
764
744
569
559
971
86
182
539
653
982
822
38
825
729
877
892
708
242
265
345
378
787
546
349
721
532
108
36
138
827
996
115
760
124
842
588
798
530
197
902
516
631
442
176
350
918
950
543
363
130
788
380
704
753
130
272
873
636
42
229
363
768
227
816
815
93
438
467
680
332
146
936
429
686
175
128
888
801
740
272
51
939
937
479
913
458
716
214
168
554
78
101
492
31
746
469
600
301
261
937
356
144
695
13
604
705
213
163
368
167
760
964
667
685
713
57
277
339
326
965
746
84
545
372
100
959
143
617
333
99
764
365
236
867
430
721
651
701
156
655
110
581
90
852
985
172
464
754
881
352
277
79
270
376
587
405
6
636
663
553
739
347
124
695
966
831
762
821
116
167
177
566
680
517
979
936
697
556
526
687
268
451
869
942
715
538
33
801
410
976
67
53
841
12
21
612
306
693
364
532
291
45
207
10
336
982
455
84
260
15
656
567
334
708
595
792
684
834
143
506
476
639
746
79
184
143
865
76
557
366
275
337
213
669
495
955
108
923
453
539
33
332
720
898
960
49
627
998
505
354
953
554
404
662
538
432
737
123
707
851
311
797
996
303
566
152
466
435
336
736
551
646
25
171
123
803
487
271
142
254
288
189
194
878
512
222
782
856
316
875
263
844
769
949
109
888
568
645
338
51
990
710
559
287
500
922
32
384
703
898
39
683
212
887
730
433
828
340
641
967
645
700
472
282
497
154
791
728
498
522
544
175
619
530
746
997
323
78
813
134
124
381
479
396
611
907
808
155
474
285
641
688
569
88
85
368
869
807
482
993
289
49
98
205
41
634
114
508
793
544
715
861
409
462
823
145
92
958
343
9
844
134
525
794
288
638
526
737
133
555
343
157
194
537
490
56
453
927
185
298
512
680
430
589
442
613
554
784
513
177
896
692
142
261
852
531
940
204
150
801
944
478
798
247
572
495
517
464
196
451
18
482
637
457
270
357
99
404
300
610
672
609
869
623
137
598
880
702
784
216
738
335
314
405
639
650
618
647
30
973
52
500
511
265
84
463
621
140
589
554
573
703
336
61
691
52
379
897
225
861
468
178
862
714
585
531
705
524
972
742
478
69
498
303
490
434
163
568
997
700
986
64
956
427
792
928
246
426
115
772
179
748
955
502
232
168
646
463
654
878
321
259
263
505
10
368
573
985
351
986
448
507
750
737
346
844
910
48
300
446
782
963
623
127
385
897
880
271
640
520
327
805
456
113
251
99
695
473
589
663
144
907
926
872
879
636
323
405
195
992
768
655
493
545
605
54
756
266
737
646
458
994
493
350
807
175
465
374
486
656
570
447
616
952
605
1
93
348
217
395
59
915
698
548
683
515
654
868
689
76
203
950
48
393
924
841
423
276
632
794
572
18
630
330
561
946
22
92
515
783
461
745
213
238
697
180
751
402
425
426
34
507
435
515
746
347
868
333
380
803
458
328
33
233
978
879
353
559
630
114
579
987
803
79
873
73
451
204
639
905
103
479
701
282
186
853
639
211
483
693
848
966
199
619
657
67
441
364
832
424
103
37
95
40
767
477
790
236
154
654
652
401
229
321
340
174
705
879
979
783
162
92
305
584
433
14
802
469
624
141
834
294
476
607
877
441
35
148
747
468
393
227
85
564
730
230
794
262
314
746
875
225
917
296
882
373
769
54
283
833
26
641
569
814
176
226
646
315
140
647
227
287
92
917
328
526
685
450
274
791
127
151
554
437
944
744
847
28
271
217
135
923
280
520
920
381
180
482
89
369
981
59
989
471
743
720
875
229
669
41
805
113
685
335
619
408
508
91
664
288
131
423
149
833
74
528
329
678
981
172
721
985
771
189
950
306
58
261
597
371
973
902
956
356
357
79
941
144
564
665
736
223
229
647
140
124
809
284
322
89
899
946
850
477
727
166
828
913
584
543
42
923
346
653
324
203
267
770
878
625
830
192
946
921
580
666
140
848
580
413
938
692
966
505
361
335
764
152
647
853
225
161
625
771
337
595
664
36
170
19
876
893
888
432
204
663
549
261
501
594
864
95
182
224
60
320
90
327
471
917
791
789
511
436
358
790
777
550
163
168
437
32
377
976
790
881
285
868
141
106
443
486
42
820
469
434
449
389
214
992
816
780
489
535
539
847
972
852
631
213
292
380
958
55
249
815
460
655
541
682
688
836
894
709
724
630
682
805
365
757
33
657
177
425
688
221
510
295
375
76
582
848
955
578
419
783
347
694
175
15
619
213
946
960
869
342
442
793
11
12
75
735
192
519
882
57
566
728
925
671
746
535
38
436
40
545
424
351
259
72
977
246
358
568
706
843
224
639
27
666
1
683
426
455
541
130
694
693
770
804
541
939
468
371
221
38
637
583
584
274
896
795
17
849
418
9
861
702
620
416
396
100
435
227
49
628
100
877
686
214
255
971
484
732
410
870
38
625
780
538
646
124
307
2
813
661
393
749
119
727
157
638
600
157
907
212
346
79
822
66
572
241
924
342
694
42
325
851
661
853
517
387
285
184
460
326
961
110
404
897
498
551
743
135
942
688
527
783
628
464
704
667
499
615
449
746
747
452
671
697
617
345
343
594
446
324
919
494
176
401
735
340
742
680
795
187
444
409
366
127
45
794
572
164
481
141
20
732
238
872
199
836
157
172
172
120
826
484
215
745
94
648
302
440
619
356
692
406
284
181
147
391
114
877
817
484
326
823
368
518
393
719
973
693
193
9
385
661
576
614
402
240
996
628
262
364
495
507
148
363
444
363
501
661
529
476
724
466
788
86
298
605
196
865
58
379
872
336
287
111
94
54
160
564
142
947
337
774
846
35
475
20
487
317
806
619
47
602
431
333
339
264
751
358
875
356
484
294
563
933
579
735
415
474
763
679
455
833
472
783
348
956
636
213
363
504
843
985
776
265
434
328
295
207
644
932
43
515
372
655
551
960
385
497
248
966
977
498
212
908
37
814
533
548
460
258
284
809
782
409
711
838
862
656
948
302
505
632
647
728
71
927
823
339
157
540
560
642
86
586
721
61
574
720
418
945
363
832
490
403
989
621
606
300
734
841
697
830
241
802
334
843
618
429
325
815
628
376
469
856
56
131
135
965
564
530
819
286
518
947
424
387
532
75
985
830
468
14
123
236
433
161
360
832
878
280
225
417
821
340
573
349
189
495
518
490
472
600
682
19
583
229
458
412
654
908
217
509
583
513
881
679
882
153
421
784
693
282
435
872
980
975
363
130
924
299
600
86
154
630
35
1000
335
181
840
210
83
712
635
282
843
557
710
553
341
982
497
270
482
837
891
814
326
967
726
349
910
615
775
106
639
847
153
277
688
52
880
509
934
186
693
597
144
150
316
961
215
225
225
398
121
849
280
84
212
39
897
571
198
185
297
818
700
197
536
153
744
195
801
198
742
245
893
863
764
799
273
382
947
138
421
55
543
644
586
27
299
477
712
394
615
840
220
886
779
762
277
760
953
743
815
913
372
548
137
584
812
705
171
903
598
393
311
340
481
721
295
930
580
10
620
847
131
652
352
472
802
805
458
29
617
68
178
301
23
228
928
860
994
638
793
911
179
95
450
416
898
466
959
422
295
441
781
261
247
833
160
651
186
414
194
750
150
372
287
915
766
432
224
770
153
754
563
928
46
937
975
717
38
585
603
434
866
758
441
703
513
750
793
61
827
98
19
782
869
858
746
795
334
679
26
434
198
142
850
841
242
355
65
3
934
724
867
509
146
246
360
200
844
229
973
174
182
657
264
462
422
906
207
272
304
288
289
971
170
351
819
354
465
156
474
573
823
110
410
941
946
58
540
589
445
337
220
990
230
886
218
815
36
63
503
755
441
501
237
922
118
434
358
550
666
804
20
723
375
878
258
508
621
694
524
209
372
65
132
975
158
213
719
9
471
875
642
961
136
881
362
657
649
603
73
44
371
729
5
76
33
22
431
412
762
539
796
78
462
492
32
45
912
863
120
743
136
115
831
781
172
383
795
108
72
154
671
993
106
642
882
61
722
661
819
808
231
444
29
617
391
770
720
266
713
191
377
447
423
472
796
747
902
859
558
426
110
834
895
136
221
993
441
30
165
393
838
22
497
5
638
217
132
517
784
14
224
456
287
872
878
8
602
546
481
897
485
146
518
843
328
150
113
615
764
597
141
476
937
171
335
588
755
139
901
175
113
519
846
530
934
922
761
311
423
707
430
671
51
55
402
564
689
475
120
139
697
533
273
313
809
788
341
16
24
972
1000
462
51
964
924
662
65
982
292
867
826
982
811
643
582
44
697
547
565
20
136
849
115
827
494
43
681
55
478
215
170
457
154
60
465
723
153
800
665
211
672
62
331
404
88
598
56
259
582
656
906
689
166
619
97
386
953
236
432
545
299
24
737
39
202
282
726
816
422
681
882
2
596
3
207
696
872
642
168
318
199
683
982
820
725
143
88
241
166
790
791
949
558
964
647
215
370
490
624
792
981
378
42
824
685
678
111
885
3
228
350
781
588
350
797
656
452
416
480
472
51
124
115
36
141
648
327
993
37
687
270
810
264
585
665
217
126
291
112
223
399
676
665
221
15
588
167
534
796
754
730
636
52
638
812
819
84
178
455
227
405
246
536
560
534
609
340
444
920
575
318
715
620
389
223
652
761
540
159
989
68
925
823
203
97
139
7
902
754
492
904
978
109
810
650
847
425
883
500
361
517
453
253
712
11
304
283
49
929
818
400
788
675
961
214
877
205
780
322
376
20
591
68
605
846
156
220
397
653
519
422
773
370
213
255
569
113
412
584
779
46
740
856
570
993
429
29
169
552
457
89
564
400
182
593
518
288
376
344
217
227
994
944
866
843
107
488
785
107
548
48
998
514
722
337
968
470
59
676
208
154
390
360
30
553
799
4
690
765
918
854
399
635
797
586
815
458
78
37
220
363
585
418
566
100
429
458
99
996
175
722
540
835
887
783
927
652
580
668
674
543
107
592
188
368
218
38
118
799
559
740
685
736
1
980
11
479
242
844
826
296
876
356
238
443
717
962
170
433
914
754
117
935
97
368
541
838
139
213
475
816
763
366
713
22
562
908
661
920
582
765
776
254
948
759
364
847
657
278
129
963
508
364
466
43
116
553
589
977
823
421
538
778
766
462
743
986
367
430
828
558
574
202
25
558
76
454
511
969
435
727
814
318
68
696
363
832
562
627
373
844
56
392
795
951
291
752
882
75
713
901
257
10
600
255
162
195
245
91
704
782
449
602
773
952
810
889
843
852
142
541
785
755
119
657
424
397
44
911
414
646
468
260
320
343
361
329
450
293
813
105
431
778
597
607
690
231
18
12
585
675
306
509
77
1
811
882
743
990
334
313
697
42
609
585
614
191
314
810
559
601
659
713
85
250
721
161
916
89
139
896
136
967
869
853
519
439
886
8
298
26
179
986
782
80
19
785
312
420
395
551
624
469
173
467
438
2
741
978
780
600
766
85
205
220
829
69
918
345
429
612
225
801
835
787
199
530
594
585
20
969
301
919
234
751
614
969
172
963
688
606
218
972
555
794
327
216
901
800
428
878
566
583
898
574
365
542
509
591
617
671
532
515
935
352
163
516
840
902
512
425
277
862
949
726
864
759
969
159
510
873
286
547
992
991
63
640
429
988
680
431
572
680
114
327
177
607
125
443
234
639
925
295
237
94
807
377
411
277
837
855
62
904
463
346
276
499
584
46
675
968
132
811
993
704
333
455
114
520
310
988
920
192
136
391
200
724
430
376
498
379
563
154
693
484
585
715
140
13
90
245
734
135
3
470
147
151
447
874
108
458
708
139
312
839
491
41
815
567
496
38
341
941
30
549
752
362
541
412
453
439
432
513
117
601
400
341
43
382
691
366
62
445
412
915
880
170
195
772
820
193
494
360
502
48
299
312
447
633
139
719
896
454
399
468
165
939
456
239
176
528
440
836
51
522
653
434
751
533
784
970
807
517
14
149
5
309
404
181
549
640
750
120
627
926
736
442
997
664
315
745
331
219
311
19
673
775
533
372
321
825
830
187
807
445
616
981
266
110
819
312
734
222
248
673
458
818
416
669
194
3
560
871
669
76
944
25
379
128
803
57
13
957
896
607
82
896
271
935
957
705
930
763
741
444
424
11
827
579
115
398
889
685
375
481
883
36
702
473
482
352
966
434
687
283
999
26
67
44
315
219
141
833
310
304
918
919
56
309
131
635
204
372
638
311
739
970
723
335
411
610
384
10
211
163
793
243
782
113
112
847
985
344
852
201
578
644
495
859
669
121
631
379
94
332
914
670
960
835
589
759
19
128
720
323
745
282
824
335
886
799
259
11
86
676
144
956
354
502
322
699
853
720
545
43
410
876
749
41
239
951
751
191
572
247
915
716
724
135
159
50
813
875
545
258
319
204
270
938
344
546
922
46
215
898
107
48
602
863
58
950
54
903
355
575
255
664
947
233
362
107
796
571
820
846
879
379
412
510
70
733
258
223
67
721
283
924
767
749
464
837
74
341
726
209
456
65
485
143
785
173
873
472
493
703
559
403
843
330
889
805
872
992
789
713
441
561
669
777
762
525
530
58
559
162
370
815
785
125
947
904
792
334
803
665
246
816
929
584
603
96
972
694
207
286
349
311
648
868
242
283
933
749
681
65
710
58
441
424
728
209
871
84
597
847
129
437
329
856
343
31
393
12
132
181
270
449
150
135
433
514
493
751
498
575
814
388
632
910
941
899
610
50
260
914
641
79
6
179
272
806
748
221
374
260
54
475
562
955
555
324
851
805
814
751
967
494
635
965
847
548
509
639
1
684
597
11
424
722
69
1
178
365
677
256
292
957
507
843
275
122
857
374
387
443
909
932
530
301
596
792
459
841
110
262
905
834
776
995
227
346
516
48
8
892
355
155
427
49
53
160
996
389
69
506
180
483
803
222
747
21
195
799
668
402
307
862
868
667
640
396
23
653
703
715
334
832
292
408
508
269
974
223
439
496
160
788
764
624
136
926
880
261
772
342
244
14
399
836
882
385
707
813
864
15
62
131
269
398
666
229
765
386
759
577
728
649
553
443
327
735
670
251
191
579
841
288
152
138
74
999
688
738
846
85
964
353
925
711
60
209
349
291
42
152
534
169
211
48
212
368
28
435
710
374
425
649
421
156
930
326
794
747
858
489
511
891
90
554
661
82
254
509
687
804
901
92
354
516
729
732
24
688
551
254
206
587
994
333
469
348
56
366
364
304
496
204
748
750
100
92
966
166
30
988
517
539
343
932
499
980
839
168
966
360
504
499
671
753
476
649
229
412
576
833
259
408
213
721
161
233
293
239
408
657
427
985
635
456
387
180
786
154
484
124
963
242
622
747
196
987
904
978
912
983
696
977
882
503
378
693
844
848
655
543
257
685
602
194
357
282
621
855
348
176
999
353
352
655
316
642
605
753
432
179
452
2
561
900
318
674
88
297
559
404
71
761
433
473
97
55
357
369
709
346
498
14
946
33
124
997
75
969
897
736
286
322
805
36
178
697
439
911
669
328
209
246
288
715
654
859
233
767
257
914
914
436
804
537
294
753
898
770
941
592
286
493
257
735
673
588
828
563
406
107
513
501
492
960
866
819
667
380
84
158
883
296
65
64
462
326
346
314
185
4
694
212
171
975
110
456
541
500
211
880
418
523
230
475
363
36
394
141
252
904
847
638
234
783
357
169
697
689
195
470
873
360
278
127
74
677
539
909
112
414
279
546
338
878
264
339
244
878
149
604
261
671
975
572
405
320
47
648
477
38
199
625
559
20
369
309
224
128
219
398
658
354
573
555
247
107
940
472
155
60
739
955
605
430
765
120
878
624
492
311
499
115
931
447
183
36
380
820
110
605
196
716
464
91
410
361
872
925
826
499
245
92
815
776
765
939
690
469
292
718
947
616
416
404
837
882
97
720
902
410
174
128
729
92
182
506
732
877
767
882
197
256
942
576
556
30
535
897
530
116
542
685
367
246
591
188
633
595
566
918
493
913
582
987
64
548
883
151
469
457
18
88
154
409
524
510
507
525
601
528
399
268
619
210
809
635
341
874
242
357
213
121
437
695
851
528
785
332
160
430
606
760
569
779
856
618
73
504
512
228
127
323
437
601
911
590
120
474
524
755
920
203
618
171
602
385
609
551
195
331
864
151
119
835
47
191
116
788
101
510
40
39
142
215
414
38
343
856
895
327
269
797
238
773
686
498
177
908
282
100
936
12
850
160
633
975
968
211
85
591
389
20
488
179
494
848
707
114
717
132
515
456
740
199
529
947
596
920
151
835
290
650
67
196
44
97
629
924
710
695
23
578
53
596
338
22
730
135
741
994
564
959
377
42
785
178
208
213
784
280
709
6
502
114
872
593
557
338
237
183
749
261
924
556
316
767
80
288
476
383
398
894
153
980
566
956
498
534
955
425
589
680
520
493
784
203
446
660
186
971
777
339
574
317
848
40
900
963
811
29
355
562
109
482
794
107
671
196
316
75
272
30
555
601
67
910
536
391
978
18
373
386
256
975
107
145
412
291
972
296
785
145
258
482
905
756
443
637
752
777
461
873
500
884
735
77
360
180
734
692
197
886
612
316
206
965
556
646
954
754
816
549
81
761
281
868
28
154
382
801
855
980
103
553
201
539
139
271
194
693
811
187
257
998
263
739
782
400
985
85
775
214
400
430
773
796
261
864
390
191
667
245
571
302
88
229
446
673
522
448
459
214
205
257
770
42
376
849
130
34
736
923
49
53
554
524
122
710
721
19
213
490
587
809
332
91
832
942
172
848
746
194
564
887
150
123
65
322
77
513
460
624
227
638
647
523
502
886
744
399
584
21
865
38
49
868
307
704
562
324
561
761
334
819
333
508
581
444
30
462
483
549
329
35
161
981
808
686
386
239
364
800
565
951
453
467
874
493
521
587
540
475
487
212
557
949
72
712
586
588
429
44
559
263
404
699
614
587
413
179
817
841
664
852
270
670
884
219
283
174
169
775
826
506
765
787
196
358
817
570
766
428
374
498
62
777
533
217
951
585
147
753
548
729
138
767
642
661
645
653
822
874
446
821
499
154
546
406
677
105
537
626
194
159
357
342
298
555
498
659
529
612
332
611
533
870
605
401
690
859
607
530
7
919
177
306
851
247
332
989
212
309
184
581
939
183
265
419
313
102
618
413
856
189
244
427
320
322
798
305
8
416
777
698
380
923
508
565
906
879
292
578
724
287
262
246
214
131
863
285
410
575
306
638
807
451
32
939
891
589
521
538
835
72
235
675
762
926
68
83
714
95
211
39
396
475
256
653
251
294
363
964
362
486
27
945
673
884
627
317
156
825
27
283
554
158
247
598
351
360
329
73
938
739
533
57
262
400
498
876
936
564
334
235
210
550
293
276
536
406
641
19
901
494
698
699
668
313
84
954
35
905
348
974
304
619
317
447
417
449
924
783
508
295
498
862
560
862
592
743
507
564
770
659
668
167
109
257
8
593
228
938
384
356
551
690
922
630
732
234
880
745
783
231
681
528
771
761
742
487
313
922
77
435
80
959
951
789
737
594
183
141
198
306
607
85
467
206
672
465
102
767
822
320
500
302
171
84
531
834
883
384
239
497
839
121
34
444
846
798
803
684
177
434
372
687
418
644
49
787
334
305
444
812
94
445
412
733
651
475
76
262
578
777
403
369
977
377
149
374
524
730
611
828
213
273
463
448
603
635
959
222
808
71
145
309
201
910
701
814
499
952
428
108
962
873
526
472
305
964
155
125
212
843
253
888
567
897
158
107
862
757
831
67
841
995
933
94
227
925
998
185
93
40
390
27
607
158
373
487
505
354
570
659
885
836
8
27
364
644
860
985
380
508
219
952
375
235
515
346
436
577
694
305
372
882
661
894
882
259
484
880
960
474
158
210
192
40
69
163
205
636
862
25
887
247
727
548
243
197
211
642
728
122
654
566
973
329
939
473
331
31
109
462
967
27
391
798
437
598
819
561
192
281
953
97
745
739
37
597
168
228
221
643
829
532
553
693
815
182
59
935
182
590
706
308
36
538
636
551
914
453
985
217
107
61
116
437
639
120
227
617
883
28
402
642
510
6
992
274
248
43
10
318
73
186
540
367
858
364
594
827
880
519
155
533
701
120
117
392
794
238
371
41
753
49
49
880
392
60
282
727
425
312
726
518
775
507
606
164
36
198
480
888
771
155
422
479
298
406
576
715
922
807
940
280
194
243
916
177
922
589
518
820
726
469
574
655
896
734
238
91
412
251
359
457
915
990
502
468
286
324
304
146
331
505
457
971
738
768
275
997
832
698
54
761
999
708
660
843
409
62
717
933
116
271
866
440
743
952
251
817
830
615
41
181
353
846
470
933
905
385
179
278
117
474
59
326
81
226
934
813
494
918
959
860
42
817
910
348
767
91
302
557
855
131
609
986
932
794
225
880
242
199
198
169
932
926
184
569
966
624
156
699
81
627
146
539
628
572
235
792
478
407
666
678
885
992
429
609
845
550
559
304
567
833
84
485
828
291
565
981
833
552
999
149
979
481
43
756
629
413
851
339
588
599
801
34
463
405
719
298
323
28
244
373
333
452
730
559
263
556
722
221
766
626
603
990
96
897
698
721
643
744
2
561
930
133
367
599
631
711
452
662
281
310
377
503
646
439
829
31
620
864
24
137
808
614
737
398
190
709
736
906
845
109
945
690
121
652
694
929
774
128
79
956
969
756
973
754
117
960
769
953
1
363
58
936
752
78
792
311
695
401
94
847
596
993
944
129
814
818
852
674
130
887
736
766
521
997
68
66
208
508
27
542
719
624
917
708
708
414
395
497
816
513
806
110
959
593
497
99
98
333
625
726
831
142
539
257
943
832
186
412
635
552
932
649
1000
463
273
370
803
77
342
454
137
598
322
11
478
352
405
118
131
303
828
426
634
596
949
545
674
215
972
812
641
191
178
443
307
371
182
318
889
154
189
131
874
19
977
690
927
937
814
272
612
643
480
21
702
606
462
306
164
724
261
470
709
266
117
574
353
783
507
159
138
165
396
133
10
279
499
878
160
883
556
768
425
323
650
196
141
22
136
766
316
795
843
560
195
342
483
958
263
890
149
377
14
172
214
247
834
952
399
44
347
869
243
134
124
960
963
787
933
134
397
639
728
453
174
55
652
732
395
265
263
847
262
653
599
214
286
632
398
187
615
392
681
154
10
525
92
35
128
989
922
294
503
954
103
576
590
802
483
487
806
988
754
547
960
960
766
405
139
584
270
283
121
439
772
55
35
563
168
669
224
712
238
927
530
3
971
46
980
894
767
937
173
148
972
524
656
724
820
983
53
623
355
665
326
359
571
648
72
724
170
589
945
729
308
45
658
477
173
666
251
692
751
366
268
154
424
730
616
199
64
929
987
379
889
443
468
222
286
27
765
192
223
918
586
449
238
516
700
461
953
271
489
847
550
167
474
357
401
888
788
571
139
193
195
928
233
898
209
790
57
640
519
14
127
441
16
724
951
493
717
598
353
961
860
363
375
716
566
377
537
268
594
935
416
767
458
404
440
530
292
845
442
785
402
396
224
477
907
769
856
578
1
506
307
207
270
867
700
401
226
348
193
805
950
197
455
973
354
277
553
873
819
794
470
890
46
119
593
787
249
45
199
601
49
890
70
830
107
95
594
856
248
570
741
602
866
525
951
539
668
638
713
785
266
282
357
975
571
928
157
612
358
406
217
187
194
835
451
981
348
222
266
694
734
947
355
503
328
393
652
614
270
346
953
721
937
562
29
469
100
257
888
128
574
148
982
89
182
542
307
703
133
798
934
767
832
651
572
35
592
312
822
503
665
323
852
199
528
876
534
1000
353
569
862
307
162
819
88
699
115
949
731
634
882
977
50
642
919
749
399
550
346
562
948
16
810
126
647
34
498
817
813
681
578
58
985
270
270
156
51
419
890
837
990
572
330
302
399
130
319
648
481
619
428
109
217
270
91
237
664
822
995
922
770
947
652
154
571
235
484
515
151
30
479
111
804
524
196
40
158
735
781
534
171
706
757
686
6
216
182
388
622
312
518
150
734
32
791
61
504
384
378
506
393
566
962
491
496
225
211
71
132
788
585
190
337
418
67
980
550
33
263
953
415
310
625
56
556
83
807
445
126
92
678
670
367
491
269
691
346
27
405
479
587
158
637
969
577
24
316
671
233
654
765
275
518
149
799
363
644
998
187
2
993
598
449
738
209
529
964
993
543
814
441
652
471
117
422
47
28
168
675
24
261
957
78
484
689
391
772
636
76
59
359
50
182
117
969
819
944
912
827
363
565
448
466
332
220
27
147
725
372
866
567
191
222
779
846
115
65
153
204
908
127
512
557
253
510
77
360
241
356
104
15
817
870
761
429
905
5
936
792
696
646
274
915
322
719
46
224
37
839
56
839
971
746
564
565
796
511
935
101
746
202
546
615
358
598
378
923
713
709
750
832
988
842
903
555
68
787
693
441
140
566
586
321
333
556
185
386
24
176
846
944
396
655
490
58
134
188
825
583
644
242
506
43
345
463
322
546
450
672
457
635
474
887
458
2
339
608
469
626
574
180
989
121
763
575
963
164
685
487
584
732
829
566
872
100
393
265
125
852
199
924
997
911
448
827
942
443
87
661
860
217
760
709
922
302
140
571
513
174
237
62
625
348
979
731
308
507
958
698
735
774
872
259
575
3
174
217
356
439
923
371
899
4
216
849
620
933
835
211
700
71
84
795
161
864
657
831
332
150
947
471
601
766
334
164
58
491
244
284
78
678
44
558
952
939
507
888
759
232
897
124
688
669
620
301
970
968
837
99
6
969
537
113
176
53
652
611
838
845
782
209
436
509
202
947
500
563
189
823
265
102
572
213
696
313
388
595
868
808
764
702
410
902
586
269
414
24
994
942
176
276
217
797
528
166
935
932
760
800
465
174
850
785
210
275
972
153
249
332
28
931
900
368
606
594
748
983
275
63
938
210
868
780
302
600
426
856
563
30
987
97
734
375
756
151
397
52
295
991
631
220
716
370
918
321
206
544
228
25
302
129
910
538
554
967
730
661
172
30
497
54
934
423
345
998
73
772
418
341
536
69
660
270
667
206
803
86
416
155
804
222
228
365
751
57
771
862
739
642
282
208
250
156
806
885
849
483
345
831
528
766
318
284
60
785
769
706
203
529
757
214
230
693
42
682
88
305
172
52
44
768
179
889
609
429
2
625
998
163
946
724
346
682
85
96
869
53
608
1
812
347
641
738
872
878
895
789
21
526
379
452
310
153
358
719
298
746
342
199
295
507
966
768
74
907
536
121
270
504
795
191
362
782
326
351
931
380
347
827
902
320
65
434
754
740
805
850
544
824
358
335
986
587
125
968
192
306
483
15
659
546
103
664
580
378
615
742
959
234
957
621
189
685
374
240
774
292
327
563
614
552
64
135
238
191
25
251
80
600
546
171
650
441
710
23
397
879
89
25
206
140
719
316
306
82
851
799
332
113
665
382
51
850
959
788
31
144
145
793
948
385
481
319
429
502
56
172
287
509
532
234
549
157
104
661
422
332
489
706
282
907
668
877
191
575
125
826
858
539
623
151
829
404
594
480
367
297
32
856
298
166
414
149
194
853
544
875
581
13
133
961
988
640
469
137
893
819
704
213
300
21
885
64
947
288
24
73
520
601
983
734
336
800
471
187
730
135
205
385
898
625
733
31
586
736
697
787
873
966
81
329
110
629
841
431
826
385
476
664
267
280
569
218
187
699
368
494
588
702
445
221
174
825
601
184
376
44
495
26
47
75
79
353
309
295
753
395
320
143
24
543
840
71
154
442
633
219
752
362
846
579
598
261
996
666
394
893
838
582
207
144
418
45
680
584
98
110
624
419
603
650
593
957
522
550
116
332
74
935
449
745
488
468
800
535
555
675
213
948
433
284
324
457
596
316
53
901
282
766
198
123
977
231
701
439
656
452
258
425
130
648
622
835
30
32
797
682
593
783
483
73
784
97
258
495
639
952
736
335
308
1000
383
482
463
845
500
199
697
586
678
844
163
171
511
428
542
409
386
10
115
436
973
352
235
16
870
929
95
100
665
82
418
962
519
484
207
531
449
711
879
883
383
95
799
655
566
728
854
399
219
493
882
896
561
817
127
482
835
358
541
506
85
478
161
692
293
793
877
349
146
308
322
738
456
423
380
4
862
654
918
720
205
824
148
916
443
376
99
798
959
263
802
975
893
997
827
677
389
938
866
114
609
506
728
548
155
3
610
445
647
258
542
235
609
592
973
471
489
457
586
804
280
967
862
211
880
31
898
556
303
892
466
893
738
408
351
978
77
76
362
164
577
851
25
121
110
854
104
893
565
890
262
996
83
63
94
905
396
314
575
584
93
968
48
952
858
961
618
9
273
166
980
431
54
803
585
966
632
938
277
187
256
267
751
257
989
383
286
879
802
455
938
764
540
792
808
464
55
421
222
553
859
436
936
302
295
388
578
281
454
77
943
733
690
129
874
730
96
644
406
752
725
815
640
468
719
614
189
137
672
989
395
802
786
413
665
533
921
965
92
320
739
115
494
999
897
696
885
283
145
817
61
704
977
251
731
186
694
259
992
734
59
881
520
706
937
471
270
532
89
776
248
235
616
944
302
542
181
668
698
197
534
268
701
320
561
27
434
449
228
397
831
982
614
856
166
203
6
636
960
325
77
679
28
151
509
852
669
295
521
258
901
356
920
136
46
296
522
788
840
820
763
735
497
39
942
148
30
592
985
695
270
512
965
79
561
475
421
423
940
853
50
552
619
102
275
674
31
678
419
223
34
37
117
515
994
105
650
6
279
104
260
412
697
692
976
201
200
62
601
342
856
566
682
378
837
815
826
245
243
681
778
901
406
830
97
538
547
766
418
270
878
775
648
821
890
845
393
335
346
394
699
837
950
714
848
718
781
353
937
581
355
681
765
670
519
333
72
672
750
487
746
343
771
787
748
870
984
771
31
634
978
185
220
212
133
93
441
580
493
417
740
39
710
733
726
439
180
57
295
869
657
995
69
510
587
945
321
424
868
369
89
968
406
683
509
845
269
652
670
951
984
880
246
624
188
898
33
352
102
24
741
300
85
283
535
902
580
672
196
973
808
793
182
147
901
250
456
43
578
178
445
197
445
90
540
73
983
80
918
289
712
488
76
493
283
696
213
355
272
889
735
959
348
497
508
802
441
978
154
5
327
737
229
363
399
247
321
34
735
210
102
711
970
950
127
524
109
705
728
920
734
774
224
525
319
923
632
39
787
447
73
961
524
881
282
541
957
252
827
938
961
58
723
188
134
706
291
339
446
55
199
792
237
822
405
470
520
893
625
151
222
738
457
994
432
431
970
387
953
435
225
13
890
610
946
41
746
426
928
673
742
715
328
448
159
748
430
138
302
568
345
919
505
62
807
380
230
780
235
424
454
928
453
88
359
261
375
136
141
875
108
67
88
625
150
313
698
185
544
497
112
422
632
585
139
388
765
486
372
786
366
846
984
873
136
910
564
806
260
27
790
894
474
901
940
647
222
343
421
56
559
416
560
162
948
673
228
694
307
640
312
206
862
337
506
973
894
759
323
953
574
769
620
157
692
607
849
166
463
649
544
216
725
590
182
294
184
106
824
208
88
302
175
750
260
714
460
144
876
912
621
182
584
922
534
679
86
869
747
629
70
836
732
869
568
692
153
593
371
140
203
23
109
72
147
491
875
883
643
673
334
984
845
72
559
345
836
363
727
472
262
651
593
672
429
34
966
595
626
468
222
800
734
993
809
83
645
465
936
101
259
370
493
874
293
546
855
505
833
701
232
336
96
54
890
436
785
885
564
579
521
668
890
815
299
105
459
766
630
980
370
97
234
469
807
908
541
331
925
189
770
382
430
891
101
67
113
342
634
597
44
731
263
790
257
604
939
217
930
687
840
421
810
607
105
771
713
413
234
448
817
145
202
921
317
11
1000
975
258
7
137
243
901
815
532
154
185
435
172
352
268
376
556
291
10
146
992
79
955
246
348
565
901
103
850
400
414
133
270
336
779
367
12
185
567
839
201
951
371
729
600
792
364
397
178
881
708
773
989
206
599
277
568
234
954
511
888
259
733
181
86
621
792
43
163
903
960
56
948
13
892
483
73
443
312
379
208
97
780
836
573
31
352
603
897
151
669
212
21
403
459
88
41
422
606
806
435
941
604
422
517
267
847
176
542
884
785
816
85
736
756
34
254
135
430
652
7
928
256
252
190
147
339
257
590
38
2
712
871
898
170
845
659
140
873
994
945
413
871
525
304
997
305
832
990
386
760
881
148
939
749
870
791
538
121
74
521
685
443
581
755
370
641
997
179
6
17
78
326
384
950
147
204
866
551
851
837
470
237
752
253
892
260
358
29
486
320
434
797
170
198
220
243
629
588
532
639
907
599
913
139
162
684
68
93
632
74
28
688
719
106
153
371
517
550
615
865
632
590
651
275
521
520
539
998
847
43
247
604
11
622
340
378
654
915
730
384
485
726
652
890
128
878
154
164
999
552
490
644
772
835
752
620
759
950
663
793
271
654
946
755
950
906
185
446
910
367
798
898
305
602
742
804
65
271
714
687
467
742
776
178
192
266
392
788
671
208
73
715
17
638
879
47
811
658
412
306
402
157
291
961
220
975
611
535
243
480
973
245
694
114
824
404
197
492
631
637
678
391
361
189
369
692
626
275
458
781
361
246
954
662
641
849
337
725
665
524
782
777
364
878
984
123
671
180
799
163
602
689
763
559
581
190
881
838
666
355
686
342
657
245
322
653
21
438
523
80
935
769
502
161
177
762
443
246
554
152
601
509
781
476
800
457
674
940
633
598
735
173
725
303
269
620
51
735
419
893
655
243
490
110
306
539
931
675
627
937
395
469
631
24
640
51
602
990
918
260
433
70
409
115
314
843
655
756
640
978
19
850
125
147
245
403
222
419
937
38
698
203
161
679
449
388
780
112
120
576
866
183
903
630
137
332
583
808
866
476
138
366
295
994
322
51
574
517
667
426
961
871
309
507
230
412
681
333
974
863
156
722
501
62
438
794
308
1000
970
258
296
305
546
159
729
876
42
152
632
327
452
640
230
844
733
584
13
884
28
903
808
286
940
344
550
213
905
610
120
53
338
343
417
587
154
357
510
651
170
569
672
321
496
674
127
26
965
596
65
672
956
519
859
180
251
137
690
214
460
568
693
953
81
851
857
187
931
968
115
304
424
599
648
856
458
636
305
741
951
862
925
924
238
695
216
376
459
450
952
274
55
854
790
414
217
713
529
335
375
172
895
961
306
293
572
962
631
889
598
506
710
911
383
388
776
630
70
388
690
248
694
991
860
581
287
757
934
979
898
426
391
918
126
733
476
901
231
181
568
902
965
592
926
365
579
794
768
335
772
856
53
409
143
392
55
348
223
803
845
932
239
780
295
974
505
235
591
975
728
784
796
3
205
885
437
131
155
915
331
291
444
480
72
405
932
881
839
384
437
109
488
773
199
760
193
36
253
236
912
26
826
651
180
701
221
705
431
409
371
143
41
47
92
344
300
223
219
714
809
475
626
683
95
473
849
398
948
796
643
957
805
656
848
782
849
663
346
367
897
490
691
545
203
967
292
649
762
718
972
23
271
770
960
279
257
965
211
255
294
427
576
132
551
661
302
179
495
675
590
792
136
645
397
673
590
681
190
82
533
332
411
192
701
22
336
725
630
907
923
232
900
909
124
836
940
700
260
94
262
582
597
157
52
468
876
225
466
669
775
129
554
26
332
123
905
110
239
700
491
162
540
445
587
751
348
987
828
562
731
951
850
660
500
950
81
11
931
428
861
139
877
939
948
940
607
928
342
649
653
417
2
736
840
913
806
985
899
120
109
384
15
881
270
769
458
553
501
444
999
876
450
771
913
998
964
864
874
666
763
298
657
987
624
720
511
912
593
889
611
820
251
608
455
104
351
755
762
829
615
271
359
624
46
542
224
387
926
669
831
100
697
112
821
996
741
829
649
465
320
321
374
11
895
638
22
684
226
398
282
707
178
590
393
678
670
52
957
947
674
393
568
663
769
58
392
875
54
595
250
789
837
631
685
807
864
486
427
535
502
216
510
110
329
560
852
300
514
272
789
797
25
700
374
354
988
193
671
736
609
998
91
773
146
431
973
561
155
408
909
4
329
140
245
307
797
681
570
208
777
722
618
180
317
198
856
224
362
162
709
96
153
59
684
223
930
899
68
181
301
813
929
498
238
330
618
143
230
102
29
572
549
912
361
612
631
628
772
554
156
508
781
787
478
848
862
744
360
978
917
176
852
303
384
995
680
253
352
612
819
17
277
161
955
826
133
697
412
375
82
202
469
341
226
975
174
884
729
360
999
646
952
703
290
20
971
370
793
694
453
407
811
391
158
510
800
452
555
358
6
822
488
751
303
268
686
635
77
814
257
311
846
394
509
724
973
365
914
151
323
233
352
722
257
92
596
348
844
150
499
54
493
596
157
129
94
991
420
679
700
781
307
881
44
646
688
745
72
625
873
384
874
532
284
391
695
108
391
937
28
253
669
533
584
794
906
47
879
29
216
213
256
639
420
926
102
369
853
983
504
55
595
659
773
974
631
63
147
758
286
876
155
60
380
210
750
908
526
291
369
288
896
586
100
199
360
122
729
124
797
859
663
584
577
553
145
627
475
895
510
933
213
613
965
562
621
544
124
611
560
249
618
107
103
689
726
913
241
488
50
830
816
675
722
186
205
930
790
997
358
462
75
986
253
658
439
601
942
917
761
785
961
920
543
303
745
590
814
641
291
723
795
18
52
429
263
130
864
690
893
254
333
991
161
616
519
319
640
214
6
470
506
238
248
809
902
19
166
517
252
621
925
855
243
233
382
729
181
269
434
648
319
56
623
179
109
31
936
962
373
84
512
423
824
675
706
177
518
243
492
998
227
441
136
514
203
952
132
746
320
749
613
719
401
574
610
645
298
820
51
724
322
572
880
285
111
620
406
602
541
791
115
934
435
618
286
938
587
489
281
288
151
668
165
695
521
741
102
985
215
791
389
814
526
443
601
649
142
990
123
789
346
554
704
296
663
862
314
583
806
374
533
530
298
626
825
955
848
150
843
187
963
10
861
934
786
902
598
31
89
428
408
788
674
132
314
583
900
35
619
601
750
199
649
707
194
435
767
534
577
894
669
655
912
55
411
428
33
847
937
209
215
979
87
762
170
899
775
669
786
870
119
4
928
903
411
547
246
108
430
375
96
272
169
771
743
824
95
474
722
730
846
886
198
183
924
771
40
526
740
767
153
526
300
247
350
449
182
269
829
730
290
298
924
462
883
651
70
14
859
282
684
765
569
535
538
118
899
350
971
989
794
876
170
568
190
653
210
195
975
457
109
120
37
217
94
778
775
134
323
413
551
257
483
356
759
705
907
499
576
415
505
31
902
670
397
