13005626
55121094
146698898
155913291
161841653
236975411
260837151
299599918
417250508
422194000
477130544
509474018
549390541
595087183
625856476
670388871
678883168
760397715
787464976
819462169
852153635
926472650
930545461
944186356
1048859249
1068633358
1074790908
1098293329
1147072682
1167062232
1201389366
1229753265
1300303270
1316989926
1390434228
1395710219
1443386051
1449358024
1464148236
1488849579
1550959812
1631524005
1639578395
1639759363
1664917764
1698675063
1855374207
1865594324
1882129135
1912164890
1957040507
1975722013
2005942757
2040963911
2052004457
2066020208
2163161602
2334177960
2341183587
2359852897
2445670363
2498619116
2566685509
2578695953
2610301113
2650743898
2709616416
2711769834
2756314494
2810141171
2932501423
2947977959
2951858953
2975479966
3082948182
3085394265
3094732301
3095881074
3219753661
3234406894
3284814701
3296638136
3385361560
3406117608
3442886623
3479047970
3531018162
3624878359
3709086436
3750735292
3771001857
3776340574
3842262365
3913010089
3968426689
4078540983
4080725366
4095585088
4109067642
4122548373
