1048859249
787464976
852153635
1912164890
1631524005
1390434228
1698675063
3776340574
819462169
3385361560
1395710219
509474018
549390541
3750735292
3442886623
1300303270
3968426689
2709616416
2810141171
1147072682
161841653
1550959812
2040963911
3234406894
2052004457
2334177960
2445670363
3095881074
1975722013
417250508
2932501423
1201389366
2578695953
477130544
1443386051
13005626
2566685509
1865594324
3624878359
2756314494
2610301113
3296638136
1488849579
2163161602
3284814701
625856476
1855374207
55121094
2359852897
4095585088
760397715
926472650
4122548373
3709086436
2947977959
1068633358
2951858953
1449358024
1957040507
146698898
3219753661
2498619116
595087183
3082948182
1229753265
422194000
2341183587
2650743898
2005942757
944186356
4078540983
2975479966
3085394265
1167062232
155913291
3479047970
3094732301
1074790908
260837151
1316989926
3771001857
678883168
236975411
2711769834
930545461
1664917764
670388871
299599918
3913010089
3406117608
1639578395
3531018162
3842262365
1464148236
1882129135
4080725366
1098293329
2066020208
1639759363
4109067642
