49
40
27
58
65
28
27
70
21
56
19
34
5
8
19
74
57
68
39
10
29
44
7
90
25
8
19
34
33
32
31
90
73
20
67
78
89
56
47
74
57
60
59
86
5
28
15
14
25
32
19
42
5
68
59
94
37
88
75
26
61
68
39
46
65
84
91
14
45
96
39
14
1
92
11
30
89
68
27
6
25
64
11
54
45
56
95
66
65
56
43
10
85
68
87
42
25
16
47
62
13
88
91
70
17
12
27
30
49
60
39
46
45
16
59
94
89
32
71
38
93
80
11
14
65
64
59
58
97
4
23
58
49
80
79
82
65
32
83
42
81
84
87
62
21
48
63
46
57
32
19
26
5
56
79
74
93
56
75
6
61
8
75
98
77
48
59
86
97
96
47
30
13
100
19
2
41
88
79
54
33
8
71
14
81
28
47
26
77
100
83
30
53
88
19
26
93
68
71
78
61
92
3
58
89
24
31
46
33
68
23
22
69
20
31
74
85
76
23
14
45
20
67
94
49
96
19
38
65
40
31
38
9
48
39
90
73
36
51
2
77
4
67
86
93
48
79
46
93
20
31
78
49
4
39
90
77
56
3
82
25
72
51
22
73
20
59
94
53
80
27
90
85
96
47
50
1
88
99
46
61
20
99
62
57
8
51
38
93
100
55
54
81
92
11
58
93
16
67
34
25
68
51
78
25
44
43
66
57
44
35
74
49
68
55
2
65
44
83
82
21
40
23
6
13
36
91
62
1
76
71
86
21
72
51
46
13
24
11
26
5
36
27
94
13
8
47
54
73
96
47
98
13
80
3
38
61
56
35
18
17
80
95
18
89
32
75
2
97
12
55
94
45
100
95
66
97
8
23
58
21
8
91
78
77
8
51
10
45
20
87
82
65
52
71
2
89
44
15
90
85
72
31
66
53
84
39
6
49
84
43
62
53
84
91
54
57
4
91
22
53
12
59
94
61
44
35
14
9
76
91
66
17
48
59
6
85
48
51
18
5
92
71
22
49
4
67
78
49
44
95
34
45
20
55
74
21
64
31
30
57
60
59
22
89
84
27
14
53
76
91
82
1
28
79
86
93
96
55
22
97
80
91
50
45
56
63
6
49
44
11
26
61
84
99
78
41
8
59
50
45
52
15
50
69
16
55
6
1
68
39
98
81
64
71
34
53
44
43
66
45
56
35
82
65
12
35
78
53
32
55
30
21
84
51
58
29
32
79
38
1
80
23
34
33
28
79
98
37
24
55
90
13
24
71
82
37
64
19
90
49
68
67
14
9
88
23
6
5
84
59
42
53
64
59
90
29
4
27
2
41
40
23
6
37
96
99
2
69
24
35
6
5
8
99
14
9
4
27
86
17
20
87
74
25
12
19
50
89
4
75
62
65
60
63
10
17
68
99
30
65
44
99
58
45
40
27
98
93
72
43
54
65
32
87
90
9
76
11
22
81
32
43
42
97
64
79
74
25
72
63
46
53
36
63
90
25
32
67
82
93
60
39
46
65
44
75
58
25
88
79
50
13
80
11
66
85
48
51
50
49
76
91
46
85
80
11
78
57
56
3
34
29
36
59
82
17
20
83
34
1
24
95
98
41
32
15
98
45
12
39
66
61
100
91
14
29
16
59
26
97
52
79
74
73
96
35
50
13
72
39
82
93
32
67
50
73
60
47
62
73
84
95
26
29
84
75
38
73
52
55
62
41
68
95
74
85
36
87
18
53
36
95
74
77
36
39
34
53
20
63
26
25
100
43
10
17
24
71
10
25
60
79
42
37
32
99
54
73
80
99
30
17
100
99
74
45
100
83
82
73
64
71
18
37
4
3
74
89
44
7
26
21
68
47
54
77
64
15
98
41
60
59
2
93
88
11
54
13
76
99
74
73
32
43
14
9
64
63
54
97
8
23
78
9
80
11
98
89
72
7
22
45
16
27
38
57
56
99
78
21
60
35
6
33
52
99
38
13
56
7
54
97
28
63
66
57
56
43
18
65
52
7
10
17
12
47
2
85
12
39
22
17
32
55
98
89
36
23
70
89
68
95
70
29
48
83
82
57
24
59
70
25
88
3
94
57
20
43
54
45
88
11
58
85
16
67
6
5
92
59
42
49
12
67
58
37
48
43
34
25
76
11
46
41
60
39
46
45
28
31
14
97
68
11
66
13
16
3
2
5
12
7
30
81
8
51
66
61
56
11
14
85
60
67
58
29
28
19
6
17
36
99
86
5
64
31
18
29
88
43
90
57
88
19
78
33
84
59
98
